        0,    3.6800000000E+02
        0,    3.6800000000E+02
      315,    3.3200000000E+02
      597,    3.0900000000E+02
      953,    2.9800000000E+02
      459,    3.3100000000E+02
      814,    3.1200000000E+02
     1311,    2.9600000000E+02
     1711,    2.8000000000E+02
     1220,    2.9700000000E+02
     2139,    2.9100000000E+02
     1644,    2.9800000000E+02
     2714,    2.8700000000E+02
     2243,    2.8900000000E+02
     3270,    2.8900000000E+02
     2842,    2.8300000000E+02
     3869,    2.7400000000E+02
     4292,    2.7700000000E+02
     3325,    2.7400000000E+02
     4670,    2.8000000000E+02
     3901,    2.8100000000E+02
     5174,    2.8200000000E+02
     4555,    2.8800000000E+02
     5762,    2.9100000000E+02
     5089,    2.9300000000E+02
     6224,    2.9000000000E+02
     6916,    2.8800000000E+02
     5706,    2.9000000000E+02
     7523,    2.9300000000E+02
     8025,    2.8800000000E+02
     6665,    2.8200000000E+02
     8631,    2.8700000000E+02
     7159,    2.9800000000E+02
     7707,    2.9200000000E+02
     9233,    2.9300000000E+02
     9694,    2.9600000000E+02
     8254,    2.9100000000E+02
     8709,    2.9100000000E+02
    10329,    2.9400000000E+02
     9500,    2.8100000000E+02
    10916,    3.0100000000E+02
    10176,    2.7800000000E+02
    10747,    2.8000000000E+02
    11141,    2.8300000000E+02
    11640,    2.9700000000E+02
    11656,    2.8200000000E+02
    12135,    2.8800000000E+02
    12178,    2.8300000000E+02
    12898,    2.9500000000E+02
    12845,    2.8900000000E+02
    13463,    2.9100000000E+02
    13334,    2.9400000000E+02
    13816,    3.0000000000E+02
    14149,    2.9100000000E+02
    14430,    2.8800000000E+02
    14666,    2.9700000000E+02
    14989,    2.9400000000E+02
    15499,    2.8900000000E+02
    15290,    3.0300000000E+02
    15973,    2.9600000000E+02
    15748,    2.8700000000E+02
    16698,    2.8700000000E+02
    16363,    2.8700000000E+02
    16715,    2.8600000000E+02
    17201,    2.9300000000E+02
    17808,    2.8800000000E+02
    17347,    2.8300000000E+02
    18300,    2.9700000000E+02
    17872,    2.9300000000E+02
    18262,    2.9600000000E+02
    18840,    2.8800000000E+02
    19327,    2.8700000000E+02
    18891,    2.8500000000E+02
    19859,    3.0000000000E+02
    19358,    2.9100000000E+02
    20158,    3.0200000000E+02
        0,    4.8200000000E+02
    19929,    2.8100000000E+02
        0,    4.6400000000E+02
     1044,    4.6400000000E+02
     1867,    4.5300000000E+02
      990,    4.7300000000E+02
     2985,    4.4500000000E+02
     4060,    4.3200000000E+02
     2065,    4.4900000000E+02
     5256,    4.4000000000E+02
     3035,    4.3800000000E+02
     6251,    4.2200000000E+02
     7361,    4.3900000000E+02
     5487,    4.4000000000E+02
     8553,    4.3100000000E+02
     6478,    4.2200000000E+02
    10012,    4.3900000000E+02
     7422,    4.4300000000E+02
     8514,    4.2600000000E+02
    11485,    4.4500000000E+02
    12647,    4.2300000000E+02
     9730,    4.4200000000E+02
    14177,    4.3800000000E+02
    10915,    4.2900000000E+02
    11932,    4.5700000000E+02
    13252,    4.2600000000E+02
    15714,    4.3600000000E+02
    14362,    4.2700000000E+02
    17382,    4.2100000000E+02
    15653,    4.2100000000E+02
    19077,    4.3800000000E+02
    16734,    4.2900000000E+02
    17929,    4.2300000000E+02
    20510,    4.3400000000E+02
    19038,    4.2200000000E+02
    20158,    4.3800000000E+02
    21625,    4.2400000000E+02
    21096,    4.3800000000E+02
    22698,    4.3200000000E+02
    22116,    4.3700000000E+02
    24030,    4.3700000000E+02
        0,    6.4700000000E+02
    25116,    4.4700000000E+02
        0,    6.3400000000E+02
     2467,    5.6600000000E+02
     2388,    6.1400000000E+02
     5227,    5.5600000000E+02
     4349,    6.0400000000E+02
     7385,    5.5100000000E+02
     6939,    6.1700000000E+02
    10943,    5.7400000000E+02
     9187,    5.7600000000E+02
    13350,    5.7800000000E+02
    12139,    5.8300000000E+02
    16006,    5.7000000000E+02
    17692,    5.8600000000E+02
    13843,    5.7100000000E+02
    19421,    5.9200000000E+02
    15926,    6.0800000000E+02
    21972,    5.9000000000E+02
    18457,    5.8300000000E+02
    25153,    5.9800000000E+02
    20630,    5.8700000000E+02
    28324,    5.7700000000E+02
    24025,    5.9100000000E+02
    29769,    5.8000000000E+02
        0,    7.6000000000E+02
    26789,    5.9700000000E+02
    27719,    5.8900000000E+02
        0,    7.6500000000E+02
     3675,    7.3400000000E+02
     3006,    7.6100000000E+02
     7549,    7.1900000000E+02
     7348,    7.2500000000E+02
    11786,    7.1300000000E+02
    15649,    7.3700000000E+02
    12519,    7.4100000000E+02
    19747,    7.2000000000E+02
    17683,    7.4400000000E+02
    23488,    7.3400000000E+02
    29413,    7.2200000000E+02
    23696,    7.2700000000E+02
    30841,    7.0000000000E+02
        0,    8.8000000000E+02
    27340,    7.2600000000E+02
    31008,    7.3600000000E+02
     5096,    8.6700000000E+02
    32311,    7.3800000000E+02
        0,    9.4300000000E+02
    12249,    8.4500000000E+02
     7132,    9.0700000000E+02
    12681,    8.9600000000E+02
    18385,    8.6500000000E+02
    18925,    9.1500000000E+02
    23843,    8.6600000000E+02
    25007,    8.8100000000E+02
    28927,    8.4700000000E+02
        0,    1.0290000000E+03
    27356,    8.9900000000E+02
        0,    1.0800000000E+03
     6842,    9.8200000000E+02
     8440,    1.0340000000E+03
    17234,    9.8200000000E+02
    16968,    1.0150000000E+03
    28939,    1.0180000000E+03
    31616,    1.0040000000E+03
        0,    1.1920000000E+03
    25336,    1.0500000000E+03
        0,    1.2300000000E+03
     7648,    1.1520000000E+03
     9422,    1.1550000000E+03
    17511,    1.1320000000E+03
    20535,    1.1180000000E+03
        0,    1.3030000000E+03
    20847,    1.1690000000E+03
    20943,    1.1750000000E+03
        0,    1.3840000000E+03
    13146,    1.2960000000E+03
    14585,    1.3010000000E+03
    20741,    1.2730000000E+03
        0,    1.4560000000E+03
    23065,    1.3360000000E+03
        0,    1.5090000000E+03
    15239,    1.4250000000E+03
    16471,    1.4130000000E+03
        0,    1.5970000000E+03
    14841,    1.4920000000E+03
        0,    1.6530000000E+03
    14651,    1.5740000000E+03
        0,    1.7290000000E+03
    19163,    1.6060000000E+03
        0,    1.7860000000E+03
    10985,    1.7250000000E+03
        0,    1.9490000000E+03
    15810,    1.7200000000E+03
        0,    1.9130000000E+03
    13682,    1.8500000000E+03
        0,    2.0330000000E+03
    19562,    1.8660000000E+03
        0,    2.0650000000E+03
    17856,    2.0140000000E+03
        0,    2.1950000000E+03
    15116,    2.0720000000E+03
        0,    2.2610000000E+03
    14921,    2.1500000000E+03
        0,    2.3360000000E+03
    14280,    2.1640000000E+03
        0,    2.3230000000E+03
    16452,    2.2470000000E+03
        0,    2.3630000000E+03
    18433,    2.2690000000E+03
        0,    2.3680000000E+03
    21794,    2.3110000000E+03
    17473,    2.3510000000E+03
        0,    8.3552400000E+02
        0,    7.6113200000E+02
        0,    3.6900000000E+02
        0,    3.6800000000E+02
      293,    3.2000000000E+02
      357,    3.1800000000E+02
      817,    2.9000000000E+02
     1041,    3.0400000000E+02
     1314,    2.8600000000E+02
     1569,    2.9400000000E+02
     1802,    2.7400000000E+02
     2160,    2.9300000000E+02
     2409,    2.7300000000E+02
     2837,    2.8200000000E+02
     3464,    2.9000000000E+02
     2870,    2.8000000000E+02
     4002,    2.8100000000E+02
     4502,    2.7300000000E+02
     3509,    2.8700000000E+02
     5052,    2.8300000000E+02
     3937,    3.0100000000E+02
     5579,    2.7100000000E+02
     6259,    2.8400000000E+02
     4322,    2.9200000000E+02
     6778,    2.7000000000E+02
     7252,    2.7500000000E+02
     4849,    2.8100000000E+02
     7817,    2.7600000000E+02
     5418,    2.8300000000E+02
     8292,    2.7100000000E+02
     5855,    2.8200000000E+02
     8629,    2.8100000000E+02
     6473,    2.8500000000E+02
     9227,    2.7700000000E+02
     6908,    2.9200000000E+02
     9670,    2.8500000000E+02
    10223,    2.7500000000E+02
     7872,    2.8800000000E+02
    10750,    2.7000000000E+02
     8339,    2.9300000000E+02
    11565,    2.8700000000E+02
     9112,    2.8300000000E+02
    12231,    2.8600000000E+02
     9673,    2.8500000000E+02
    12820,    2.8900000000E+02
    10234,    2.9900000000E+02
    13571,    2.9500000000E+02
    10868,    3.0400000000E+02
    11218,    3.1200000000E+02
    14225,    2.8300000000E+02
    11835,    2.9200000000E+02
    14890,    2.9200000000E+02
    12366,    2.9900000000E+02
    12933,    2.9500000000E+02
    15594,    2.9800000000E+02
    13240,    2.9800000000E+02
    16228,    2.8900000000E+02
    13823,    3.0400000000E+02
    16708,    2.8800000000E+02
    14388,    3.0300000000E+02
    17194,    2.9800000000E+02
    14552,    3.1200000000E+02
    17919,    3.0000000000E+02
    15345,    3.0000000000E+02
    18572,    2.8300000000E+02
    19096,    2.8300000000E+02
    15836,    3.0800000000E+02
    19599,    2.9100000000E+02
    20097,    2.9400000000E+02
    16412,    3.0100000000E+02
    20612,    3.0300000000E+02
    16983,    2.9900000000E+02
    21204,    2.9100000000E+02
    21672,    2.9300000000E+02
    17351,    3.1200000000E+02
        0,    4.7500000000E+02
    17801,    3.0600000000E+02
    18229,    2.9800000000E+02
     1278,    4.3800000000E+02
    18845,    3.0200000000E+02
    19494,    3.1000000000E+02
        0,    5.1400000000E+02
     2504,    4.4000000000E+02
      860,    4.6800000000E+02
     3791,    4.3800000000E+02
     2128,    4.6200000000E+02
     5317,    4.4500000000E+02
     3182,    4.5400000000E+02
     6600,    4.2600000000E+02
     7758,    4.4700000000E+02
     8660,    4.4900000000E+02
     4996,    4.5700000000E+02
     9860,    4.5300000000E+02
     6729,    4.4700000000E+02
    11230,    4.3500000000E+02
     7836,    4.3800000000E+02
    12379,    4.6700000000E+02
     8947,    4.4200000000E+02
    13587,    4.4800000000E+02
     9833,    4.3800000000E+02
    14709,    4.5700000000E+02
    11075,    4.5400000000E+02
    16712,    4.3800000000E+02
    12518,    4.4800000000E+02
    18033,    4.4800000000E+02
    13880,    4.4800000000E+02
    15309,    4.3900000000E+02
    19486,    4.4400000000E+02
    20498,    4.5400000000E+02
    16436,    4.5800000000E+02
    18011,    4.3900000000E+02
    22005,    4.5700000000E+02
    23071,    4.3800000000E+02
    19225,    4.5600000000E+02
    23920,    4.3900000000E+02
        0,    5.9800000000E+02
    20414,    4.3900000000E+02
    21985,    4.4900000000E+02
     2209,    5.7200000000E+02
    24977,    4.2800000000E+02
    25752,    4.4500000000E+02
        0,    6.0900000000E+02
     4054,    5.5900000000E+02
     5748,    5.7100000000E+02
     2148,    5.8800000000E+02
     4181,    5.6900000000E+02
     7983,    5.5400000000E+02
     9622,    5.6500000000E+02
     6932,    5.6500000000E+02
    11692,    5.5700000000E+02
     9077,    5.7100000000E+02
    14144,    5.7400000000E+02
    11548,    5.6800000000E+02
    16307,    5.5200000000E+02
    13765,    5.7000000000E+02
    18436,    5.6400000000E+02
    20164,    5.7300000000E+02
    17589,    5.9000000000E+02
    22225,    5.5400000000E+02
    20278,    5.8500000000E+02
    22006,    5.6400000000E+02
    24399,    5.6600000000E+02
    24262,    5.6600000000E+02
    26425,    5.6200000000E+02
        0,    7.4600000000E+02
    26412,    5.8100000000E+02
    27961,    5.6800000000E+02
        0,    7.5400000000E+02
     3482,    7.1000000000E+02
     2746,    7.4000000000E+02
     6535,    7.0300000000E+02
     6332,    7.1200000000E+02
     9178,    7.1800000000E+02
    10641,    7.2200000000E+02
    12510,    7.1600000000E+02
    14169,    7.1300000000E+02
    17128,    7.0500000000E+02
    16589,    7.4200000000E+02
    19410,    7.1500000000E+02
    20529,    6.9300000000E+02
    22881,    7.5600000000E+02
    25416,    7.0700000000E+02
    24517,    7.1000000000E+02
        0,    9.0100000000E+02
    28291,    7.2800000000E+02
    28379,    7.3700000000E+02
     3484,    8.8700000000E+02
        0,    8.9100000000E+02
     3999,    8.7000000000E+02
     8800,    8.8400000000E+02
     7896,    8.3400000000E+02
    14369,    8.3500000000E+02
    13452,    8.4000000000E+02
    18047,    8.5400000000E+02
    19535,    8.3600000000E+02
    23644,    8.4800000000E+02
    25852,    8.4800000000E+02
        0,    1.0420000000E+03
    25278,    8.5700000000E+02
        0,    1.0370000000E+03
     4985,    9.7800000000E+02
     6454,    9.8700000000E+02
    11569,    1.0180000000E+03
    13044,    9.9600000000E+02
    19224,    1.0080000000E+03
    19840,    9.9100000000E+02
    22423,    9.9700000000E+02
        0,    1.1780000000E+03
    21589,    9.9600000000E+02
        0,    1.2020000000E+03
    10146,    1.1230000000E+03
    10842,    1.1450000000E+03
    20030,    1.1620000000E+03
    22063,    1.1550000000E+03
        0,    1.3350000000E+03
    21644,    1.1510000000E+03
    25877,    1.1040000000E+03
        0,    1.2850000000E+03
    11805,    1.3050000000E+03
    11020,    1.2640000000E+03
    18462,    1.3350000000E+03
        0,    1.5540000000E+03
    18512,    1.2760000000E+03
        0,    1.4420000000E+03
    11901,    1.4270000000E+03
    17692,    1.4900000000E+03
    18084,    1.4660000000E+03
        0,    1.6560000000E+03
    16265,    1.4150000000E+03
        0,    1.5970000000E+03
    15047,    1.5260000000E+03
        0,    1.7150000000E+03
    17612,    1.6300000000E+03
        0,    1.8170000000E+03
    11537,    1.7160000000E+03
        0,    1.9020000000E+03
    14436,    1.7290000000E+03
        0,    1.9190000000E+03
    15567,    1.7850000000E+03
        0,    1.9790000000E+03
    19734,    1.9260000000E+03
        0,    2.0810000000E+03
    17158,    1.9310000000E+03
        0,    2.0960000000E+03
    23511,    2.0070000000E+03
        0,    2.1770000000E+03
    16390,    2.0850000000E+03
        0,    2.2670000000E+03
    16952,    2.1830000000E+03
        0,    2.4070000000E+03
    19171,    2.2240000000E+03
        0,    2.4040000000E+03
    24294,    2.3320000000E+03
        0,    2.4210000000E+03
    28620,    2.3330000000E+03
        0,    2.3460000000E+03
    19493,    2.3360000000E+03
    23424,    2.3410000000E+03
        0,    5.7384400000E+02
        0,    8.5165200000E+02
   181444,   -3.8354720000E+03
   161057,   -4.4561000000E+03
        0,    3.7200000000E+02
        0,    3.7900000000E+02
      200,    3.4100000000E+02
      211,    3.4800000000E+02
      675,    3.3100000000E+02
      434,    3.3300000000E+02
     1196,    2.8800000000E+02
      960,    2.9800000000E+02
     1320,    2.8900000000E+02
     1725,    2.7600000000E+02
     1784,    2.8200000000E+02
     2193,    2.8300000000E+02
     2520,    2.7500000000E+02
     2170,    2.9900000000E+02
     2955,    2.8400000000E+02
     2744,    2.9000000000E+02
     3381,    2.9400000000E+02
     3409,    2.8600000000E+02
     3839,    2.8800000000E+02
     3945,    2.8100000000E+02
     4425,    3.0200000000E+02
     4628,    2.8300000000E+02
     5451,    2.9500000000E+02
     5175,    2.8400000000E+02
     5960,    2.8900000000E+02
     5665,    2.7400000000E+02
     6622,    2.8600000000E+02
     6376,    2.8400000000E+02
     7269,    2.8900000000E+02
     6880,    2.9600000000E+02
     7358,    2.8500000000E+02
     7823,    2.9000000000E+02
     7935,    2.8600000000E+02
     8495,    2.8900000000E+02
     8482,    2.7900000000E+02
     9269,    3.0800000000E+02
     9404,    2.8800000000E+02
     9804,    3.0200000000E+02
    10448,    3.0100000000E+02
    10297,    2.9700000000E+02
    10824,    2.9500000000E+02
    10866,    3.0100000000E+02
    11347,    2.9300000000E+02
    11902,    2.7200000000E+02
    11875,    2.8700000000E+02
    12527,    2.6700000000E+02
    12469,    2.9500000000E+02
    13123,    2.8000000000E+02
    12907,    2.9400000000E+02
    13355,    2.8900000000E+02
    13880,    2.9300000000E+02
    13847,    2.9100000000E+02
    14381,    2.8700000000E+02
    14522,    3.0700000000E+02
    14944,    2.7900000000E+02
    14950,    2.9800000000E+02
    15565,    2.8400000000E+02
    15429,    2.9700000000E+02
    16122,    2.8900000000E+02
    15952,    3.0100000000E+02
    17279,    2.8600000000E+02
    16484,    3.0600000000E+02
    17843,    3.0600000000E+02
    17024,    2.9600000000E+02
    18200,    3.0200000000E+02
    17530,    3.0200000000E+02
    18670,    2.9200000000E+02
    17930,    3.1400000000E+02
    19265,    2.9800000000E+02
    18578,    3.1600000000E+02
    19896,    3.0500000000E+02
        0,    4.9200000000E+02
    19214,    3.2600000000E+02
    19674,    3.1900000000E+02
      818,    4.6100000000E+02
        0,    4.7400000000E+02
      704,    4.5800000000E+02
     1791,    4.6700000000E+02
     1507,    4.3500000000E+02
     3000,    4.5300000000E+02
     2467,    4.0800000000E+02
     4245,    4.4300000000E+02
     3198,    4.2700000000E+02
     3917,    4.0600000000E+02
     5408,    4.2500000000E+02
     4881,    4.1900000000E+02
     6498,    4.3900000000E+02
     5863,    4.0900000000E+02
     7577,    4.3000000000E+02
     6737,    4.0400000000E+02
     7627,    4.0700000000E+02
     8573,    4.3000000000E+02
     8581,    4.1900000000E+02
    10039,    4.3000000000E+02
     9575,    4.1300000000E+02
    11444,    4.4500000000E+02
    10891,    4.0100000000E+02
    12767,    4.5100000000E+02
    11760,    4.2100000000E+02
    12848,    4.1800000000E+02
    14070,    4.3800000000E+02
    13515,    4.1500000000E+02
    15457,    4.3900000000E+02
    14443,    4.0600000000E+02
    15496,    4.2000000000E+02
    16748,    4.5800000000E+02
    16432,    4.2200000000E+02
    18077,    4.3900000000E+02
    17850,    4.3200000000E+02
    18796,    4.2600000000E+02
    19656,    4.4200000000E+02
    19931,    4.2500000000E+02
    20936,    4.3200000000E+02
    20960,    4.1500000000E+02
    21922,    4.2900000000E+02
    21436,    4.2200000000E+02
        0,    6.0200000000E+02
    23058,    4.4200000000E+02
    24165,    4.4200000000E+02
        0,    6.2200000000E+02
     2017,    5.7900000000E+02
     1371,    5.9600000000E+02
     3988,    5.4600000000E+02
     3565,    5.7900000000E+02
     6670,    5.5000000000E+02
     8609,    5.5300000000E+02
     6678,    5.7700000000E+02
    10363,    5.6900000000E+02
     9410,    5.4400000000E+02
    12676,    5.5600000000E+02
    12177,    5.5900000000E+02
    15234,    5.3800000000E+02
    14846,    5.5500000000E+02
    17460,    5.6200000000E+02
    18977,    5.7500000000E+02
    19169,    5.7600000000E+02
    21284,    5.7900000000E+02
    21986,    5.9400000000E+02
    23555,    5.5700000000E+02
    24558,    5.9200000000E+02
    25287,    5.5100000000E+02
    26903,    5.7400000000E+02
    27588,    5.3000000000E+02
        0,    7.1000000000E+02
    30031,    5.8000000000E+02
    31752,    5.7500000000E+02
        0,    7.6100000000E+02
     3318,    7.0900000000E+02
     3185,    7.4000000000E+02
     6423,    6.8100000000E+02
     5943,    7.3500000000E+02
     9655,    7.0700000000E+02
    10465,    7.3000000000E+02
    12985,    7.0100000000E+02
    16704,    7.0200000000E+02
    14288,    7.4200000000E+02
    19589,    6.9900000000E+02
    18826,    7.2600000000E+02
    24101,    6.9300000000E+02
    22576,    7.2500000000E+02
    28384,    7.0800000000E+02
    29050,    7.1200000000E+02
        0,    8.8400000000E+02
    25835,    7.2900000000E+02
    27227,    7.2100000000E+02
        0,    9.0300000000E+02
     5020,    8.2500000000E+02
     4589,    8.9100000000E+02
     8215,    8.1600000000E+02
     9960,    8.5300000000E+02
    12646,    8.1600000000E+02
    16646,    8.4500000000E+02
    15376,    8.7600000000E+02
    20136,    8.7800000000E+02
    22542,    8.1700000000E+02
    24314,    8.6600000000E+02
        0,    1.0260000000E+03
    26927,    8.3200000000E+02
        0,    1.0170000000E+03
     5883,    9.9400000000E+02
     7243,    9.9700000000E+02
    12890,    9.8700000000E+02
    12749,    9.2300000000E+02
    19475,    9.8900000000E+02
    22616,    1.0140000000E+03
        0,    1.2100000000E+03
    20153,    9.9400000000E+02
    24799,    9.6800000000E+02
        0,    1.1560000000E+03
     8766,    1.1950000000E+03
     7022,    1.1090000000E+03
    14352,    1.0890000000E+03
    20663,    1.1580000000E+03
    23450,    1.1290000000E+03
        0,    1.3120000000E+03
    19524,    1.0790000000E+03
        0,    1.2640000000E+03
    13199,    1.2670000000E+03
    12984,    1.2120000000E+03
    18826,    1.2730000000E+03
        0,    1.4630000000E+03
    22612,    1.2510000000E+03
        0,    1.4520000000E+03
    16536,    1.4120000000E+03
    17399,    1.4430000000E+03
        0,    1.6260000000E+03
    15021,    1.4180000000E+03
    17745,    1.4110000000E+03
        0,    1.5880000000E+03
    14380,    1.5810000000E+03
        0,    1.7870000000E+03
    14129,    1.5230000000E+03
        0,    1.7030000000E+03
    13159,    1.6820000000E+03
        0,    1.8620000000E+03
    18931,    1.7150000000E+03
        0,    1.8740000000E+03
    18227,    1.8020000000E+03
        0,    1.9580000000E+03
    13967,    1.8210000000E+03
        0,    1.9950000000E+03
    23025,    1.9180000000E+03
    16327,    1.9740000000E+03
        0,    2.1020000000E+03
        0,    2.1270000000E+03
    16699,    2.1450000000E+03
        0,    2.3300000000E+03
    24084,    2.0800000000E+03
        0,    2.2570000000E+03
    20855,    2.2430000000E+03
        0,    2.4210000000E+03
    21389,    2.2400000000E+03
        0,    2.4350000000E+03
    15540,    2.3470000000E+03
    23723,    2.3350000000E+03
        0,    2.3590000000E+03
    25197,    2.3640000000E+03
        0,    5.2905200000E+02
        0,    7.6413200000E+02
   127828,   -3.7547280000E+03
   161258,   -4.4135200000E+03
        0,    3.6800000000E+02
        0,    3.6800000000E+02
      182,    3.2800000000E+02
      291,    3.2300000000E+02
      476,    3.0700000000E+02
      745,    3.0000000000E+02
      835,    3.0900000000E+02
     1072,    2.9900000000E+02
     1228,    2.9300000000E+02
     1409,    2.9000000000E+02
     1626,    2.8100000000E+02
     1753,    2.9100000000E+02
     2091,    2.8300000000E+02
     2188,    2.9400000000E+02
     2489,    2.8100000000E+02
     2730,    2.9900000000E+02
     2951,    2.8300000000E+02
     3399,    2.8100000000E+02
     3362,    2.8600000000E+02
     3913,    2.7900000000E+02
     3982,    2.8000000000E+02
     4484,    2.8000000000E+02
     4500,    2.9000000000E+02
     5053,    2.8800000000E+02
     4955,    2.7900000000E+02
     5294,    2.8500000000E+02
     5621,    2.7800000000E+02
     6094,    2.8300000000E+02
     6328,    2.9400000000E+02
     6668,    2.8100000000E+02
     6858,    3.0200000000E+02
     7086,    2.7500000000E+02
     7307,    2.9200000000E+02
     7667,    2.9300000000E+02
     8076,    2.9000000000E+02
     8260,    2.8200000000E+02
     8587,    2.8100000000E+02
     8677,    2.8300000000E+02
     9084,    3.0900000000E+02
     9218,    2.8700000000E+02
     9423,    2.8300000000E+02
     9720,    2.8000000000E+02
    10118,    2.8700000000E+02
    10204,    2.8200000000E+02
    10687,    2.9000000000E+02
    11225,    2.9100000000E+02
    10743,    2.8600000000E+02
    11811,    2.8500000000E+02
    11322,    3.0200000000E+02
    12302,    2.8500000000E+02
    11879,    2.8800000000E+02
    12938,    2.8800000000E+02
    12446,    2.9500000000E+02
    13391,    2.9300000000E+02
    12965,    2.9600000000E+02
    13860,    2.9700000000E+02
    13292,    2.9400000000E+02
    14261,    2.8300000000E+02
    13642,    2.9900000000E+02
    14730,    2.9700000000E+02
    14094,    2.9500000000E+02
    15391,    2.8100000000E+02
    14673,    2.9900000000E+02
    16084,    3.0000000000E+02
    15204,    2.9600000000E+02
    16528,    2.9300000000E+02
    15615,    2.8500000000E+02
    16936,    2.9900000000E+02
    16243,    2.7700000000E+02
    17671,    3.0000000000E+02
    16961,    2.9200000000E+02
    18037,    2.9500000000E+02
    17364,    2.7600000000E+02
    18622,    2.9900000000E+02
    18032,    2.8100000000E+02
    19183,    3.0100000000E+02
        0,    4.5500000000E+02
    19786,    2.9600000000E+02
        0,    4.4300000000E+02
      698,    4.4500000000E+02
      832,    4.3100000000E+02
     1824,    4.4200000000E+02
     1566,    4.2300000000E+02
     2811,    4.3900000000E+02
     2434,    4.1400000000E+02
     3435,    3.9500000000E+02
     3938,    4.3000000000E+02
     4280,    4.0600000000E+02
     5166,    4.3200000000E+02
     6200,    4.2900000000E+02
     6078,    4.1400000000E+02
     6713,    4.1100000000E+02
     7194,    4.4300000000E+02
     7668,    4.0800000000E+02
     8388,    4.2100000000E+02
     8863,    4.0300000000E+02
     9952,    4.2400000000E+02
     9813,    3.9000000000E+02
    11227,    4.1300000000E+02
    10658,    4.0500000000E+02
    11729,    3.9700000000E+02
    12411,    4.2500000000E+02
    12522,    3.9700000000E+02
    13403,    4.3500000000E+02
    13420,    3.9600000000E+02
    14569,    4.2500000000E+02
    14625,    4.0200000000E+02
    15607,    4.3000000000E+02
    15792,    3.8500000000E+02
    17193,    4.5100000000E+02
    16978,    4.0300000000E+02
    18164,    3.9900000000E+02
    18439,    4.3800000000E+02
    18999,    3.9700000000E+02
    19777,    4.2900000000E+02
    20339,    3.9200000000E+02
    20775,    4.2000000000E+02
    21326,    4.1500000000E+02
    22220,    3.9700000000E+02
    22016,    4.2200000000E+02
        0,    6.1500000000E+02
    23169,    4.2300000000E+02
    23455,    4.1900000000E+02
        0,    6.0500000000E+02
     2153,    5.8100000000E+02
     2023,    5.8000000000E+02
     4102,    5.6100000000E+02
     4466,    5.8200000000E+02
     6549,    5.7400000000E+02
     7163,    5.6800000000E+02
     9491,    5.8200000000E+02
    10072,    5.4800000000E+02
    12086,    5.6900000000E+02
    11880,    5.8800000000E+02
    13895,    5.6600000000E+02
    13827,    5.6300000000E+02
    16078,    5.6600000000E+02
    15909,    5.6900000000E+02
    17919,    5.9000000000E+02
    18981,    5.6300000000E+02
    21230,    5.7800000000E+02
    20667,    5.7500000000E+02
    23681,    5.6400000000E+02
    23089,    5.7500000000E+02
    25335,    5.7600000000E+02
    25399,    5.7200000000E+02
    27712,    5.6500000000E+02
    28217,    5.5000000000E+02
        0,    7.2800000000E+02
        0,    7.1800000000E+02
     2796,    6.9500000000E+02
     3148,    7.1500000000E+02
     5801,    7.0900000000E+02
     6414,    6.8900000000E+02
     8411,    7.0400000000E+02
     9746,    6.9200000000E+02
    11557,    7.0400000000E+02
    14375,    7.1600000000E+02
    12748,    7.3900000000E+02
    18198,    6.8400000000E+02
    16045,    7.0900000000E+02
    18603,    6.8900000000E+02
    21286,    7.0200000000E+02
    22527,    6.9600000000E+02
    24199,    7.0100000000E+02
    24454,    7.0300000000E+02
        0,    8.8700000000E+02
    25655,    6.9100000000E+02
    25926,    7.0100000000E+02
        0,    8.7700000000E+02
     4774,    8.5800000000E+02
     5089,    8.3600000000E+02
     9275,    8.4800000000E+02
     9699,    8.2300000000E+02
    13981,    8.4100000000E+02
    14814,    8.3700000000E+02
    18248,    8.3600000000E+02
    19990,    8.1900000000E+02
    23968,    8.5200000000E+02
    24832,    8.3500000000E+02
        0,    1.0220000000E+03
    25104,    8.4700000000E+02
    27072,    8.3900000000E+02
        0,    1.0200000000E+03
     8626,    1.0260000000E+03
     6726,    9.6600000000E+02
    12503,    9.5900000000E+02
    17336,    1.0040000000E+03
    21096,    9.9300000000E+02
    24708,    1.0640000000E+03
    26812,    9.5300000000E+02
        0,    1.1450000000E+03
    28155,    1.0260000000E+03
        0,    1.2080000000E+03
     7519,    1.1420000000E+03
     9668,    1.1250000000E+03
    19539,    1.1420000000E+03
    19207,    1.1310000000E+03
    21933,    1.1600000000E+03
        0,    1.3530000000E+03
    25860,    1.1170000000E+03
        0,    1.3170000000E+03
     8782,    1.3030000000E+03
    13279,    1.2560000000E+03
    20145,    1.2580000000E+03
        0,    1.4480000000E+03
    20796,    1.2640000000E+03
        0,    1.4920000000E+03
    14992,    1.3730000000E+03
    17742,    1.3570000000E+03
        0,    1.5690000000E+03
    14454,    1.4920000000E+03
    15800,    1.4730000000E+03
        0,    1.6560000000E+03
    13260,    1.5270000000E+03
        0,    1.7070000000E+03
    15833,    1.5630000000E+03
        0,    1.7260000000E+03
    12633,    1.7110000000E+03
        0,    1.8990000000E+03
    13950,    1.7370000000E+03
        0,    1.9190000000E+03
    15037,    1.8450000000E+03
        0,    2.0310000000E+03
    14967,    1.8510000000E+03
        0,    2.0360000000E+03
    19730,    1.9760000000E+03
        0,    2.1320000000E+03
    14678,    2.0030000000E+03
        0,    2.1880000000E+03
    15314,    2.1030000000E+03
        0,    2.2870000000E+03
    20321,    2.1380000000E+03
        0,    2.3180000000E+03
    15814,    2.2740000000E+03
        0,    2.4010000000E+03
    19497,    2.2340000000E+03
        0,    2.4000000000E+03
    15313,    2.3900000000E+03
    26205,    2.3750000000E+03
        0,    2.3031200000E+02
        0,    9.5409600000E+02
   168125,   -4.3247240000E+03
   163080,   -4.2792400000E+03
        0,    3.6800000000E+02
        0,    3.9500000000E+02
       77,    3.6200000000E+02
      194,    3.4700000000E+02
      303,    3.3400000000E+02
      316,    3.4400000000E+02
      473,    3.2900000000E+02
      766,    2.9800000000E+02
      567,    3.4900000000E+02
     1043,    2.9400000000E+02
      810,    3.2100000000E+02
     1345,    2.8300000000E+02
     1094,    3.0500000000E+02
     1658,    2.7800000000E+02
     2003,    2.8800000000E+02
     1468,    3.0000000000E+02
     2457,    2.8500000000E+02
     2899,    2.7400000000E+02
     2039,    2.8300000000E+02
     3370,    2.7500000000E+02
     3707,    2.7400000000E+02
     2571,    2.8300000000E+02
     4132,    2.7100000000E+02
     3119,    2.9200000000E+02
     4561,    2.7700000000E+02
     5014,    2.7400000000E+02
     3624,    2.7600000000E+02
     4029,    2.6800000000E+02
     5566,    2.7000000000E+02
     4557,    2.7100000000E+02
     6126,    2.7800000000E+02
     5158,    2.7100000000E+02
     6485,    2.8000000000E+02
     5741,    2.8600000000E+02
     7153,    2.7700000000E+02
     7798,    2.8100000000E+02
     6684,    2.7400000000E+02
     8364,    2.8600000000E+02
     7273,    2.7700000000E+02
     8920,    2.8200000000E+02
     7763,    2.7000000000E+02
     9397,    2.8600000000E+02
     8184,    2.7800000000E+02
     9959,    2.8500000000E+02
     8797,    2.7600000000E+02
    10832,    3.0000000000E+02
     9235,    2.7400000000E+02
    11349,    2.9200000000E+02
     9688,    2.7800000000E+02
    10063,    2.6900000000E+02
    12039,    2.9200000000E+02
    10613,    2.8400000000E+02
    12517,    2.7200000000E+02
    11206,    2.9200000000E+02
    13111,    2.8900000000E+02
    11761,    2.7900000000E+02
    13680,    3.0000000000E+02
    12287,    2.9400000000E+02
    14396,    3.0700000000E+02
    14906,    3.0300000000E+02
    13216,    2.8000000000E+02
    15512,    2.9400000000E+02
    13710,    2.9000000000E+02
    16252,    2.9300000000E+02
    14206,    2.9900000000E+02
    16786,    2.8500000000E+02
    14833,    2.8600000000E+02
    17524,    2.8500000000E+02
    15422,    2.9200000000E+02
    17986,    2.8700000000E+02
        0,    4.7100000000E+02
    15965,    2.9500000000E+02
    16545,    2.8800000000E+02
    17247,    2.7500000000E+02
    17771,    2.9100000000E+02
     1547,    4.4700000000E+02
    18328,    2.8800000000E+02
    18794,    2.8400000000E+02
        0,    4.6200000000E+02
     3104,    4.4200000000E+02
     1333,    4.2100000000E+02
     4876,    4.1500000000E+02
     2435,    4.2000000000E+02
     5740,    4.2900000000E+02
     3184,    4.1400000000E+02
     6999,    4.2500000000E+02
     7842,    4.2200000000E+02
     4218,    4.4900000000E+02
     8791,    4.3600000000E+02
     5274,    4.3400000000E+02
     9967,    4.1900000000E+02
     6432,    4.4400000000E+02
    11251,    4.5200000000E+02
     7620,    4.3300000000E+02
    12607,    4.3600000000E+02
    13685,    4.4300000000E+02
     9262,    4.2100000000E+02
    14845,    4.4300000000E+02
    10659,    4.3700000000E+02
    16322,    4.1900000000E+02
    12152,    4.2600000000E+02
    17731,    4.4100000000E+02
    18668,    4.2900000000E+02
    13262,    4.1600000000E+02
    19719,    4.3800000000E+02
    14541,    4.3300000000E+02
    21344,    4.2300000000E+02
    16076,    4.1800000000E+02
    22782,    4.2200000000E+02
    17510,    4.2800000000E+02
    24102,    4.2700000000E+02
    19397,    4.1500000000E+02
    25532,    4.2800000000E+02
        0,    5.8000000000E+02
    20430,    4.1800000000E+02
    21156,    4.2800000000E+02
     1886,    5.6300000000E+02
    22887,    4.4000000000E+02
     3616,    5.5700000000E+02
    24089,    4.4100000000E+02
    25275,    4.6100000000E+02
    25506,    4.5200000000E+02
     5609,    5.3400000000E+02
        0,    6.2400000000E+02
     7647,    5.3600000000E+02
     2251,    5.7000000000E+02
     9974,    5.2800000000E+02
     4312,    5.7500000000E+02
    12627,    5.4000000000E+02
     6318,    5.7400000000E+02
    15490,    5.4800000000E+02
    10047,    5.6400000000E+02
    17178,    5.5200000000E+02
    19351,    5.5300000000E+02
    12462,    5.7300000000E+02
    21229,    5.4300000000E+02
    15111,    5.7900000000E+02
    23008,    5.3700000000E+02
    25897,    5.5600000000E+02
    18231,    5.5100000000E+02
    27522,    5.4100000000E+02
    27558,    5.3700000000E+02
        0,    7.1200000000E+02
    20625,    5.8000000000E+02
    21837,    5.7500000000E+02
     2786,    6.9500000000E+02
    23793,    5.8400000000E+02
    25572,    5.5700000000E+02
     5847,    6.9500000000E+02
    27398,    5.6500000000E+02
        0,    7.3700000000E+02
     9930,    7.1400000000E+02
     4093,    7.0200000000E+02
    13746,    7.0800000000E+02
     7062,    7.0500000000E+02
    17737,    6.9200000000E+02
    10301,    6.9300000000E+02
    20746,    7.1700000000E+02
    13661,    6.9600000000E+02
    25275,    7.0500000000E+02
    17470,    6.9800000000E+02
    28757,    7.0000000000E+02
    29386,    6.8200000000E+02
        0,    8.6400000000E+02
    21707,    7.0600000000E+02
     3929,    8.7600000000E+02
    24826,    6.8700000000E+02
    27505,    6.9400000000E+02
    28097,    7.1500000000E+02
        0,    8.9700000000E+02
     7908,    8.5700000000E+02
     4490,    8.5800000000E+02
    13125,    8.1900000000E+02
    10319,    8.5100000000E+02
    18821,    8.2600000000E+02
    23464,    8.1600000000E+02
    25293,    8.3800000000E+02
    17214,    8.4400000000E+02
        0,    1.0280000000E+03
    22728,    8.5500000000E+02
     6386,    9.8000000000E+02
    27366,    8.4000000000E+02
    28364,    8.1700000000E+02
        0,    1.0040000000E+03
    13864,    9.8500000000E+02
     5653,    9.7200000000E+02
    19884,    9.8200000000E+02
    12155,    9.7400000000E+02
    23624,    9.8300000000E+02
        0,    1.1480000000E+03
     7757,    1.1040000000E+03
    19593,    9.9800000000E+02
    23144,    9.6100000000E+02
        0,    1.1510000000E+03
    14472,    1.0910000000E+03
    20989,    1.0770000000E+03
        0,    1.2580000000E+03
    10757,    1.1140000000E+03
     9540,    1.2170000000E+03
    18657,    1.1130000000E+03
    22364,    1.1280000000E+03
        0,    1.3100000000E+03
    18671,    1.2280000000E+03
        0,    1.4380000000E+03
    11269,    1.2350000000E+03
    19007,    1.2630000000E+03
    12266,    1.4010000000E+03
        0,    1.4370000000E+03
    14551,    1.4070000000E+03
        0,    1.5930000000E+03
    14646,    1.3650000000E+03
    14158,    1.5780000000E+03
        0,    1.7590000000E+03
    18404,    1.3830000000E+03
        0,    1.5770000000E+03
    13724,    1.5220000000E+03
        0,    1.7020000000E+03
    14047,    1.6960000000E+03
        0,    1.8790000000E+03
    14663,    1.6850000000E+03
        0,    1.8740000000E+03
    13841,    1.8370000000E+03
        0,    2.0200000000E+03
    12169,    1.8360000000E+03
        0,    2.0010000000E+03
    16332,    1.9700000000E+03
        0,    2.1540000000E+03
    17779,    1.9380000000E+03
        0,    2.1320000000E+03
    16754,    2.1790000000E+03
        0,    2.3670000000E+03
    17433,    2.0590000000E+03
        0,    2.2400000000E+03
    15951,    2.2970000000E+03
        0,    2.4620000000E+03
    19798,    2.2240000000E+03
        0,    2.3960000000E+03
    19601,    2.3760000000E+03
    27170,    2.3150000000E+03
        0,    2.3240000000E+03
    22618,    2.3540000000E+03
        0,    9.9729200000E+02
        0,    7.3757600000E+02
    22798,   -3.1235120000E+03
    24339,   -3.3936600000E+03
        0,    3.6800000000E+02
        0,    3.8200000000E+02
       95,    3.3700000000E+02
      463,    3.2000000000E+02
      707,    3.1000000000E+02
      305,    3.3600000000E+02
     1008,    3.0500000000E+02
      501,    3.2200000000E+02
     1315,    2.9800000000E+02
     1652,    2.8700000000E+02
      819,    3.1400000000E+02
     2009,    2.9000000000E+02
     2837,    2.9200000000E+02
     1263,    2.9100000000E+02
     3625,    2.9700000000E+02
     4125,    2.8200000000E+02
     1611,    3.0100000000E+02
     4705,    2.7900000000E+02
     5344,    2.8200000000E+02
     2158,    2.9000000000E+02
     5854,    2.7800000000E+02
     6646,    2.8600000000E+02
     2657,    2.8600000000E+02
     3014,    2.8100000000E+02
     7307,    2.8300000000E+02
     3467,    2.9500000000E+02
     7962,    2.7900000000E+02
     4112,    2.8100000000E+02
     8607,    2.7300000000E+02
     4602,    2.9600000000E+02
     5194,    2.7500000000E+02
     9266,    2.7400000000E+02
     5643,    2.8600000000E+02
     5992,    2.8700000000E+02
    10052,    2.8400000000E+02
     6505,    2.8100000000E+02
    10551,    2.7400000000E+02
     7159,    2.8400000000E+02
    11181,    2.7300000000E+02
     7687,    2.8400000000E+02
    11816,    2.8200000000E+02
     8118,    2.9100000000E+02
    12372,    2.7400000000E+02
     8612,    2.9700000000E+02
    12885,    2.8200000000E+02
     9120,    2.8600000000E+02
    13284,    2.8300000000E+02
     9629,    2.8600000000E+02
    13644,    2.8100000000E+02
    10324,    2.8900000000E+02
    14186,    2.7600000000E+02
    10962,    2.9000000000E+02
    14671,    2.7400000000E+02
    11511,    2.9600000000E+02
    15229,    2.7800000000E+02
    12023,    2.9800000000E+02
    16015,    2.8100000000E+02
    12578,    3.0800000000E+02
    13003,    2.9700000000E+02
    16780,    3.0700000000E+02
    13538,    2.9900000000E+02
    17297,    3.0300000000E+02
    17793,    3.1400000000E+02
    14110,    2.8500000000E+02
    18397,    2.9200000000E+02
    14686,    2.8800000000E+02
    15283,    2.8800000000E+02
    19091,    2.8600000000E+02
    15733,    2.9400000000E+02
    16385,    3.0700000000E+02
    19750,    2.8300000000E+02
    16780,    3.1200000000E+02
    20259,    2.8100000000E+02
        0,    4.4100000000E+02
    17761,    3.1600000000E+02
      897,    4.3500000000E+02
    18386,    3.0400000000E+02
    19000,    2.9700000000E+02
        0,    4.7800000000E+02
     2040,    4.1700000000E+02
     1082,    4.6000000000E+02
     2909,    4.1900000000E+02
     4045,    4.1500000000E+02
     2136,    4.5600000000E+02
     4974,    4.1700000000E+02
     2951,    4.3600000000E+02
     5946,    4.2100000000E+02
     6725,    4.0800000000E+02
     4779,    4.3800000000E+02
     5787,    4.3500000000E+02
     8067,    4.1200000000E+02
     8966,    4.2700000000E+02
     7109,    4.3200000000E+02
    10202,    4.0600000000E+02
    11457,    4.1000000000E+02
     9401,    4.3400000000E+02
    12503,    4.2500000000E+02
    13473,    4.2000000000E+02
    11296,    4.2500000000E+02
    14581,    4.3100000000E+02
    12880,    4.1500000000E+02
    16029,    4.2400000000E+02
    13722,    4.2900000000E+02
    16791,    4.2700000000E+02
    15109,    4.2200000000E+02
    17801,    4.1800000000E+02
    16645,    4.2900000000E+02
    18978,    4.4800000000E+02
    17985,    4.1700000000E+02
    20008,    4.3700000000E+02
    19154,    4.1400000000E+02
    21010,    4.3200000000E+02
    20607,    4.0500000000E+02
    22315,    4.2200000000E+02
    21926,    4.1400000000E+02
    23417,    4.2700000000E+02
    23590,    4.1800000000E+02
        0,    6.0400000000E+02
    23139,    4.2500000000E+02
    24496,    4.2900000000E+02
    25354,    4.1300000000E+02
        0,    6.2100000000E+02
     2202,    5.6400000000E+02
     1482,    6.0100000000E+02
     3938,    5.5700000000E+02
     5744,    5.7200000000E+02
     4236,    5.7400000000E+02
     7588,    5.8200000000E+02
     7075,    5.7600000000E+02
     9403,    5.7400000000E+02
     9405,    5.6100000000E+02
    11305,    5.6300000000E+02
    11468,    5.9200000000E+02
    12803,    5.7000000000E+02
    14972,    5.5800000000E+02
    14208,    5.8800000000E+02
    17399,    5.7300000000E+02
    16577,    5.8700000000E+02
    18914,    5.9200000000E+02
    20069,    5.8200000000E+02
    22335,    5.4900000000E+02
    21841,    6.0500000000E+02
    24590,    5.7200000000E+02
    24108,    5.9700000000E+02
    26647,    5.5600000000E+02
        0,    7.1400000000E+02
    27057,    6.0400000000E+02
    28409,    5.9700000000E+02
        0,    7.5500000000E+02
     3456,    6.6200000000E+02
     3214,    7.1300000000E+02
     7566,    6.8900000000E+02
     6666,    7.0500000000E+02
    10945,    6.9000000000E+02
    13908,    6.8200000000E+02
    11980,    7.1500000000E+02
    16816,    6.5300000000E+02
    20493,    6.8400000000E+02
    15705,    7.1700000000E+02
    23307,    6.8400000000E+02
    26403,    6.9600000000E+02
    27273,    6.8900000000E+02
    20238,    7.1700000000E+02
        0,    8.7200000000E+02
    23186,    7.1800000000E+02
     3850,    8.7800000000E+02
    27343,    7.1400000000E+02
    30249,    7.0600000000E+02
        0,    8.9900000000E+02
     8807,    8.2200000000E+02
     6041,    8.4600000000E+02
    14180,    8.1500000000E+02
    18780,    8.5800000000E+02
    15789,    8.3500000000E+02
    24504,    8.6300000000E+02
    25741,    8.5400000000E+02
        0,    1.0360000000E+03
    21819,    8.4200000000E+02
    26630,    8.5800000000E+02
        0,    1.0470000000E+03
     7293,    9.8700000000E+02
     7343,    1.0350000000E+03
    15710,    9.8800000000E+02
    15009,    1.0050000000E+03
    23860,    1.0030000000E+03
    23095,    1.0030000000E+03
    24646,    1.0000000000E+03
        0,    1.1860000000E+03
    28357,    9.6400000000E+02
        0,    1.1340000000E+03
     8938,    1.1260000000E+03
    11178,    1.0730000000E+03
    19832,    1.1740000000E+03
    20626,    1.0720000000E+03
    22924,    1.1590000000E+03
        0,    1.3560000000E+03
    25591,    1.0660000000E+03
        0,    1.2470000000E+03
    12167,    1.2740000000E+03
     9056,    1.2650000000E+03
    16233,    1.2620000000E+03
        0,    1.4350000000E+03
    20323,    1.2660000000E+03
        0,    1.4490000000E+03
    12644,    1.4290000000E+03
    15883,    1.4540000000E+03
    14861,    1.3960000000E+03
        0,    1.6430000000E+03
    19247,    1.3900000000E+03
        0,    1.5680000000E+03
    14298,    1.5150000000E+03
        0,    1.7010000000E+03
    17282,    1.5650000000E+03
        0,    1.7590000000E+03
    14394,    1.6730000000E+03
        0,    1.8590000000E+03
    12860,    1.6950000000E+03
        0,    1.8580000000E+03
    12124,    1.8450000000E+03
        0,    1.9980000000E+03
    15261,    1.8440000000E+03
        0,    2.0240000000E+03
    17489,    1.9040000000E+03
        0,    2.0850000000E+03
    16050,    1.9860000000E+03
        0,    2.1710000000E+03
    15532,    2.0530000000E+03
        0,    2.2350000000E+03
    17498,    2.1150000000E+03
        0,    2.2960000000E+03
    17713,    2.2580000000E+03
        0,    2.4420000000E+03
    19569,    2.2330000000E+03
        0,    2.3640000000E+03
    24703,    2.3590000000E+03
        0,    2.3950000000E+03
    24563,    2.3460000000E+03
    20587,    2.3910000000E+03
        0,    3.9512800000E+02
        0,    7.0363200000E+02
    23030,   -2.6769640000E+03
    32930,   -3.1868560000E+03
